answer =

    1.0585