
delta =

    0.1000

   1.09967,   0.00000
   1.19738,  -0.00000
   1.29131,  -0.00000
   1.37995,  -0.00000
   1.46212,  -0.00000
   1.53705,  -0.00000
   1.60437,  -0.00000
   1.66404,  -0.00000
   1.71630,  -0.00000
   1.76159,  -0.00000
   1.80050,  -0.00000
----------------------

delta =

    0.0100

   1.01000,   0.00000
   1.02000,  -0.00000
   1.02999,  -0.00000
   1.03998,  -0.00000
   1.04996,  -0.00000
   1.05993,  -0.00000
   1.06989,  -0.00000
   1.07983,  -0.00000
   1.08976,  -0.00000
   1.09967,  -0.00000
   1.10956,  -0.00000
   1.11943,  -0.00000
   1.12927,  -0.00000
   1.13909,  -0.00000
   1.14889,  -0.00000
   1.15865,  -0.00000
   1.16838,  -0.00000
   1.17808,  -0.00000
   1.18775,  -0.00000
   1.19738,  -0.00000
   1.20697,  -0.00000
   1.21652,  -0.00000
   1.22603,  -0.00000
   1.23550,  -0.00000
   1.24492,  -0.00000
   1.25430,  -0.00000
   1.26362,  -0.00000
   1.27291,  -0.00000
   1.28213,  -0.00000
   1.29131,  -0.00000
   1.30044,  -0.00000
   1.30951,  -0.00000
   1.31852,  -0.00000
   1.32748,  -0.00000
   1.33638,  -0.00000
   1.34521,  -0.00000
   1.35399,  -0.00000
   1.36271,  -0.00000
   1.37136,  -0.00000
   1.37995,  -0.00000
   1.38847,  -0.00000
   1.39693,  -0.00000
   1.40532,  -0.00000
   1.41364,  -0.00000
   1.42190,  -0.00000
   1.43008,  -0.00000
   1.43820,  -0.00000
   1.44624,  -0.00000
   1.45422,  -0.00000
   1.46212,  -0.00000
   1.46995,  -0.00000
   1.47770,  -0.00000
   1.48538,  -0.00000
   1.49299,  -0.00000
   1.50052,  -0.00000
   1.50798,  -0.00000
   1.51536,  -0.00000
   1.52267,  -0.00000
   1.52990,  -0.00000
   1.53705,  -0.00000
   1.54413,  -0.00000
   1.55113,  -0.00000
   1.55805,  -0.00000
   1.56490,  -0.00000
   1.57167,  -0.00000
   1.57836,  -0.00000
   1.58498,  -0.00000
   1.59152,  -0.00000
   1.59798,  -0.00000
   1.60437,  -0.00000
   1.61068,  -0.00000
   1.61691,  -0.00000
   1.62307,  -0.00000
   1.62915,  -0.00000
   1.63515,  -0.00000
   1.64108,  -0.00000
   1.64693,  -0.00000
   1.65271,  -0.00000
   1.65841,  -0.00000
   1.66404,  -0.00000
   1.66959,  -0.00000
   1.67507,  -0.00000
   1.68048,  -0.00000
   1.68581,  -0.00000
   1.69107,  -0.00000
   1.69626,  -0.00000
   1.70137,  -0.00000
   1.70642,  -0.00000
   1.71139,  -0.00000
   1.71630,  -0.00000
   1.72113,  -0.00000
   1.72590,  -0.00000
   1.73059,  -0.00000
   1.73522,  -0.00000
   1.73978,  -0.00000
   1.74428,  -0.00000
   1.74870,  -0.00000
   1.75307,  -0.00000
   1.75736,  -0.00000
   1.76159,  -0.00000
   1.76576,  -0.00000