
delta =

    0.1000

   1.09950,   0.00000
   1.19703,  -0.00017
   1.29080,  -0.00034
   1.37926,  -0.00052
   1.46126,  -0.00069
   1.53604,  -0.00086
   1.60324,  -0.00100
   1.66281,  -0.00113
   1.71500,  -0.00123
   1.76027,  -0.00130
   1.79917,  -0.00133
----------------------

delta =

    0.0100

   1.01000,   0.00000
   1.02000,  -0.00000
   1.02999,  -0.00000
   1.03998,  -0.00000
   1.04996,  -0.00000
   1.05993,  -0.00000
   1.06988,  -0.00000
   1.07983,  -0.00000
   1.08976,  -0.00000
   1.09967,  -0.00000
   1.10956,  -0.00000
   1.11943,  -0.00000
   1.12927,  -0.00000
   1.13909,  -0.00000
   1.14888,  -0.00000
   1.15865,  -0.00000
   1.16838,  -0.00000
   1.17808,  -0.00000
   1.18774,  -0.00000
   1.19737,  -0.00000
   1.20696,  -0.00000
   1.21651,  -0.00000
   1.22602,  -0.00000
   1.23549,  -0.00000
   1.24491,  -0.00000
   1.25429,  -0.00000
   1.26362,  -0.00000
   1.27290,  -0.00000
   1.28213,  -0.00000
   1.29131,  -0.00000
   1.30043,  -0.00000
   1.30950,  -0.00001
   1.31852,  -0.00001
   1.32747,  -0.00001
   1.33637,  -0.00001
   1.34521,  -0.00001
   1.35399,  -0.00001
   1.36270,  -0.00001
   1.37135,  -0.00001
   1.37994,  -0.00001
   1.38847,  -0.00001
   1.39692,  -0.00001
   1.40531,  -0.00001
   1.41364,  -0.00001
   1.42189,  -0.00001
   1.43008,  -0.00001
   1.43819,  -0.00001
   1.44624,  -0.00001
   1.45421,  -0.00001
   1.46211,  -0.00001
   1.46994,  -0.00001
   1.47769,  -0.00001
   1.48537,  -0.00001
   1.49298,  -0.00001
   1.50051,  -0.00001
   1.50797,  -0.00001
   1.51535,  -0.00001
   1.52266,  -0.00001
   1.52989,  -0.00001
   1.53704,  -0.00001
   1.54412,  -0.00001
   1.55112,  -0.00001
   1.55804,  -0.00001
   1.56489,  -0.00001
   1.57166,  -0.00001
   1.57835,  -0.00001
   1.58497,  -0.00001
   1.59151,  -0.00001
   1.59797,  -0.00001
   1.60436,  -0.00001
   1.61067,  -0.00001
   1.61690,  -0.00001
   1.62305,  -0.00001
   1.62913,  -0.00001
   1.63514,  -0.00001
   1.64107,  -0.00001
   1.64692,  -0.00001
   1.65270,  -0.00001
   1.65840,  -0.00001
   1.66403,  -0.00001
   1.66958,  -0.00001
   1.67506,  -0.00001
   1.68046,  -0.00001
   1.68580,  -0.00001
   1.69106,  -0.00001
   1.69625,  -0.00001
   1.70136,  -0.00001
   1.70641,  -0.00001
   1.71138,  -0.00001
   1.71629,  -0.00001
   1.72112,  -0.00001
   1.72589,  -0.00001
   1.73058,  -0.00001
   1.73521,  -0.00001
   1.73977,  -0.00001
   1.74426,  -0.00001
   1.74869,  -0.00001
   1.75305,  -0.00001
   1.75735,  -0.00001
   1.76158,  -0.00001
   1.76575,  -0.00001