output
f =

    1.0584
