
delta =

    0.1000

   1.10000,   0.00000
   1.19900,   0.00033
   1.29504,   0.00162
   1.38634,   0.00373
   1.47141,   0.00639
   1.54919,   0.00929
   1.61903,   0.01214
   1.68071,   0.01466
   1.73437,   0.01667
   1.78044,   0.01807
   1.81953,   0.01885
----------------------

delta =

    0.0100

   1.01000,   0.00000
   1.02000,   0.00000
   1.03000,   0.00000
   1.03999,   0.00000
   1.04997,   0.00001
   1.05995,   0.00001
   1.06991,   0.00002
   1.07986,   0.00002
   1.08980,   0.00003
   1.09972,   0.00004
   1.10962,   0.00005
   1.11950,   0.00006
   1.12935,   0.00007
   1.13919,   0.00008
   1.14899,   0.00009
   1.15877,   0.00011
   1.16852,   0.00012
   1.17823,   0.00014
   1.18792,   0.00015
   1.19756,   0.00017
   1.20717,   0.00019
   1.21674,   0.00021
   1.22627,   0.00023
   1.23576,   0.00025
   1.24521,   0.00027
   1.25461,   0.00029
   1.26396,   0.00031
   1.27326,   0.00033
   1.28251,   0.00036
   1.29172,   0.00038
   1.30086,   0.00040
   1.30996,   0.00043
   1.31900,   0.00045
   1.32798,   0.00048
   1.33691,   0.00050
   1.34577,   0.00053
   1.35457,   0.00056
   1.36332,   0.00058
   1.37200,   0.00061
   1.38061,   0.00064
   1.38916,   0.00066
   1.39765,   0.00069
   1.40607,   0.00072
   1.41442,   0.00075
   1.42270,   0.00078
   1.43092,   0.00080
   1.43906,   0.00083
   1.44713,   0.00086
   1.45513,   0.00089
   1.46306,   0.00092
   1.47092,   0.00094
   1.47870,   0.00097
   1.48641,   0.00100
   1.49404,   0.00103
   1.50160,   0.00105
   1.50908,   0.00108
   1.51649,   0.00111
   1.52383,   0.00113
   1.53108,   0.00116
   1.53826,   0.00119
   1.54536,   0.00121
   1.55239,   0.00124
   1.55934,   0.00126
   1.56621,   0.00129
   1.57300,   0.00131
   1.57972,   0.00133
   1.58636,   0.00136
   1.59292,   0.00138
   1.59941,   0.00140
   1.60581,   0.00142
   1.61214,   0.00144
   1.61840,   0.00147
   1.62457,   0.00149
   1.63067,   0.00151
   1.63669,   0.00153
   1.64264,   0.00154
   1.64851,   0.00156
   1.65430,   0.00158
   1.66002,   0.00160
   1.66567,   0.00161
   1.67124,   0.00163
   1.67673,   0.00164
   1.68215,   0.00166
   1.68750,   0.00167
   1.69277,   0.00169
   1.69797,   0.00170
   1.70310,   0.00171
   1.70816,   0.00173
   1.71314,   0.00174
   1.71806,   0.00175
   1.72290,   0.00176
   1.72767,   0.00177
   1.73238,   0.00178
   1.73701,   0.00178
   1.74158,   0.00179
   1.74608,   0.00180
   1.75052,   0.00181
   1.75488,   0.00181
   1.75919,   0.00182
   1.76342,   0.00182
   1.76759,   0.00183