
c =

    0.0026
   -0.0911
    1.2083
   -7.5104
   21.8750
  -20.0000