i =

     1


e =

    7.4241


i =

     2


e =

   40.3726


i =

     3


e =

   18.6527


i =

     4


e =

   16.5811


i =

     5


e =

   16.1409


i =

     6


e =

   16.0350