c =

    0.9156
    0.8796
    2.1602
    1.0880