
c =

    0.0434
    0.1773
    0.4996
    0.9979
    1.0000