x(0)=1.60000000
x(1)=1.54843750
x(2)=1.56342463
x(3)=1.56250093
x(4)=1.56250000