answer =

   17.8194
