f =

   17.1914