x1: -0.31416, error:0.0051423
x2: -0.59731, error:0.009527
x3: -0.82151, error:0.012496
x4: -0.96463, error:0.013577
x5: -1.0125, error:0.012549