
res1 =

    0.4167


res2 =

    0.5833