res =

    0.0425