c =

   -0.0000
   -0.0000
    0.0013
    0.0000
   -0.0244
   -0.0000
    0.1974
    0.0000
   -0.6742
   -0.0000
    1.0000